# Engine 17 dump
# d s a m_1 m_2 ... m_s
2 1 0 1
3 2 1 1 3
4 3 1 1 3 1
5 3 2 1 1 1
6 5 7 1 1 7 13 27
7 4 4 1 3 5 9
8 4 1 1 1 3 3
9 5 2 1 1 5 5 19
10 5 13 1 1 3 1 1
11 5 11 1 3 5 3 1
12 5 14 1 3 5 5 27
13 5 4 1 1 7 3 17
14 6 1 1 3 3 9 5 49
15 6 16 1 1 5 13 21 15
16 6 13 1 1 1 15 21 23
17 6 19 1 1 1 15 7 7
18 6 22 1 3 1 9 1 27
19 8 84 1 3 1 11 27 41 103 241
20 8 56 1 3 5 3 31 9 29 99
21 6 25 1 1 3 3 17 63
22 7 7 1 1 3 13 5 41 51
23 7 8 1 3 5 11 7 27 41
24 7 4 1 3 7 13 11 1 65
25 7 14 1 3 1 3 3 35 107
26 7 37 1 1 1 15 15 25 23
27 7 50 1 1 1 1 7 45 75
28 7 1 1 3 7 11 19 11 99
29 7 41 1 3 5 13 25 5 19
30 7 55 1 3 5 1 19 37 21
31 7 28 1 1 1 15 23 11 63
32 7 31 1 1 7 13 3 31 23
33 7 21 1 1 5 9 17 43 51
34 8 50 1 3 1 15 29 33 101 1
35 7 19 1 3 1 5 31 55 27
36 8 70 1 3 3 9 29 11 11 21
37 8 122 1 1 7 7 5 53 107 159
